10
11 2067
105
448
137
353
114
464
164
256
48
268
268
12 2408
349
84
439
58
283
337
12
365
44
390
286
349
13 1009
20
267
272
353
496
25
306
255
468
219
94
294
20
14 1889
377
52
111
181
437
408
432
81
478
305
289
109
495
305
15 1574
364
314
328
333
253
417
497
280
401
273
467
376
187
295
328
16 2533
276
104
251
246
336
98
368
411
52
83
140
299
125
272
403
403
17 1798
448
65
407
48
382
315
136
120
470
19
485
28
390
340
475
376
19
18 2385
158
412
237
262
117
448
415
284
151
186
479
418
268
23
473
64
70
237
19 2502
411
259
488
229
27
308
168
432
376
147
29
181
199
348
378
274
381
322
308
20 2625
269
176
433
208
241
498
243
495
259
486
158
101
278
244
288
36
431
376
459
376
