10
11 41847
3985
8588
1847
9313
7254
1904
4434
8606
5978
1748
1748
12 49958
9099
7674
4959
7298
9153
8437
4302
1205
6854
5800
8006
9099
13 17789
6500
9357
9452
7333
8676
3055
8536
8345
5358
4229
3504
4884
6500
14 34189
4087
4192
3731
9001
4797
8688
6562
2241
7708
5485
6069
2379
1695
5485
15 26884
5494
4624
6508
1543
4903
4547
1967
2180
5151
4833
2857
5366
4377
8745
6508
16 33733
1856
3864
4291
3016
7436
5288
5028
9511
3362
7863
6590
1679
6095
4892
1463
1463
17 39978
3888
7935
2777
3308
7742
6035
7696
2370
9770
3229
7695
1708
5440
5340
1935
8206
3229
18 46835
1138
2102
5267
2732
1417
5718
9345
3494
3991
2836
6979
4268
1698
8883
2763
3374
2800
5267
19 43082
2941
1239
5078
8869
4097
3648
5958
1962
4576
8647
5939
3911
7509
9098
7848
9584
7561
4502
3648
20 61375
5329
9106
8153
5668
7821
1708
6303
3885
8229
9136
9158
7641
8608
6764
1028
1236
5371
6776
6989
6776
